0000  ff ff ff ff ff ff 00 04 23 52 2b 23 08 00 45 00  
0010  00 ec 21 11 00 00 80 11 94 3a c0 a8 01 66 c0 a8  
0020  01 ff 00 8a 00 8a 00 d8 41 f8 11 02 80 57 c0 a8  
0030  01 66 00 8a 00 c2 00 00 20 45 44 45 4c 46 46 46  
0040  43 45 50 46 44 45 46 43 41 43 41 43 41 43 41 43  
0050  41 43 41 43 41 43 41 41 41 00 20 41 42 41 43 46  
0060  50 46 50 45 4e 46 44 45 43 46 43 45 50 46 48 46  
0070  44 45 46 46 50 46 50 41 43 41 42 00 ff 53 4d 42  
0080  25 00 00 00 00 00 00 00 00 00 00 00 00 00 00 00  
0090  00 00 00 00 00 00 00 00 00 00 00 00 11 00 00 28  
00a0  00 00 00 00 00 00 00 00 00 e8 03 00 00 00 00 00  
00b0  00 00 00 28 00 56 00 03 00 01 00 01 00 02 00 39  
00c0  00 5c 4d 41 49 4c 53 4c 4f 54 5c 42 52 4f 57 53  
00d0  45 00 0c 00 e0 93 04 00 57 4f 52 4b 47 52 4f 55  
00e0  50 00 00 00 00 00 01 00 03 0a 00 10 00 80 d4 fe  
00f0  46 03 43 4b 55 52 4f 53 45 00                    
0000  ff ff ff ff ff ff 00 08 74 4f 36 23 08 00 45 00  
0010  01 48 b3 10 00 00 80 11 86 95 00 00 00 00 ff ff  
0020  ff ff 00 44 00 43 01 34 e9 7b 01 01 06 00 3e 5e  
0030  0c e3 00 00 00 00 00 00 00 00 00 00 00 00 00 00  
0040  00 00 00 00 00 00 00 08 74 4f 36 23 00 00 00 00  
0050  00 00 00 00 00 00 00 00 00 00 00 00 00 00 00 00  
0060  00 00 00 00 00 00 00 00 00 00 00 00 00 00 00 00  
0070  00 00 00 00 00 00 00 00 00 00 00 00 00 00 00 00  
0080  00 00 00 00 00 00 00 00 00 00 00 00 00 00 00 00  
0090  00 00 00 00 00 00 00 00 00 00 00 00 00 00 00 00  
00a0  00 00 00 00 00 00 00 00 00 00 00 00 00 00 00 00  
00b0  00 00 00 00 00 00 00 00 00 00 00 00 00 00 00 00  
00c0  00 00 00 00 00 00 00 00 00 00 00 00 00 00 00 00  
00d0  00 00 00 00 00 00 00 00 00 00 00 00 00 00 00 00  
00e0  00 00 00 00 00 00 00 00 00 00 00 00 00 00 00 00  
00f0  00 00 00 00 00 00 00 00 00 00 00 00 00 00 00 00  
0100  00 00 00 00 00 00 00 00 00 00 00 00 00 00 00 00  
0110  00 00 00 00 00 00 63 82 53 63 35 01 01 74 01 01  
0120  3d 07 01 00 08 74 4f 36 23 32 04 c0 a8 01 65 0c  
0130  04 4e 6f 68 6f 3c 08 4d 53 46 54 20 35 2e 30 37  
0140  0b 01 0f 03 06 2c 2e 2f 1f 21 f9 2b ff 00 00 00  
0150  00 00 00 00 00 00                                
0000  ff ff ff ff ff ff 00 06 25 da af 73 08 06 00 01  
0010  08 00 06 04 00 01 00 06 25 da af 73 c0 a8 01 01  
0020  00 00 00 00 00 00 c0 a8 01 65 00 00 00 00 00 00  
0030  00 00 00 00 00 00 00 00 00 00 00 00              
0000  ff ff ff ff ff ff 00 06 25 da af 73 08 00 45 00  
0010  02 40 01 08 00 00 96 11 5f fc c0 a8 01 01 ff ff  
0020  ff ff 00 43 00 44 02 2c 72 23 02 01 06 00 3e 5e  
0030  0c e3 00 00 00 00 00 00 00 00 c0 a8 01 65 00 00  
0040  00 00 00 00 00 00 00 08 74 4f 36 23 00 00 00 00  
0050  00 00 00 00 00 00 00 00 00 00 00 00 00 00 00 00  
0060  00 00 00 00 00 00 00 00 00 00 00 00 00 00 00 00  
0070  00 00 00 00 00 00 00 00 00 00 00 00 00 00 00 00  
0080  00 00 00 00 00 00 00 00 00 00 00 00 00 00 00 00  
0090  00 00 00 00 00 00 00 00 00 00 00 00 00 00 00 00  
00a0  00 00 00 00 00 00 00 00 00 00 00 00 00 00 00 00  
00b0  00 00 00 00 00 00 00 00 00 00 00 00 00 00 00 00  
00c0  00 00 00 00 00 00 00 00 00 00 00 00 00 00 00 00  
00d0  00 00 00 00 00 00 00 00 00 00 00 00 00 00 00 00  
00e0  00 00 00 00 00 00 00 00 00 00 00 00 00 00 00 00  
00f0  00 00 00 00 00 00 00 00 00 00 00 00 00 00 00 00  
0100  00 00 00 00 00 00 00 00 00 00 00 00 00 00 00 00  
0110  00 00 00 00 00 00 63 82 53 63 35 01 02 01 04 ff  
0120  ff ff 00 03 04 c0 a8 01 01 06 08 3f f0 4c 13 cc  
0130  7f c6 13 0f 16 6e 65 32 2e 63 6c 69 65 6e 74 32  
0140  2e 61 74 74 62 69 2e 63 6f 6d 00 33 04 00 01 51  
0150  80 36 04 c0 a8 01 01 ff 00 00 00 00 00 00 00 00  
0160  00 00 00 00 00 00 00 00 00 00 00 00 00 00 00 00  
0170  00 00 00 00 00 00 00 00 00 00 00 00 00 00 00 00  
0180  00 00 00 00 00 00 00 00 00 00 00 00 00 00 00 00  
0190  00 00 00 00 00 00 00 00 00 00 00 00 00 00 00 00  
01a0  00 00 00 00 00 00 00 00 00 00 00 00 00 00 00 00  
01b0  00 00 00 00 00 00 00 00 00 00 00 00 00 00 00 00  
01c0  00 00 00 00 00 00 00 00 00 00 00 00 00 00 00 00  
01d0  00 00 00 00 00 00 00 00 00 00 00 00 00 00 00 00  
01e0  00 00 00 00 00 00 00 00 00 00 00 00 00 00 00 00  
01f0  00 00 00 00 00 00 00 00 00 00 00 00 00 00 00 00  
0200  00 00 00 00 00 00 00 00 00 00 00 00 00 00 00 00  
0210  00 00 00 00 00 00 00 00 00 00 00 00 00 00 00 00  
0220  00 00 00 00 00 00 00 00 00 00 00 00 00 00 00 00  
0230  00 00 00 00 00 00 00 00 00 00 00 00 00 00 00 00  
0240  00 00 00 00 00 00 00 00 00 00 00 00 00 00        
0000  ff ff ff ff ff ff 00 08 74 4f 36 23 08 00 45 00  
0010  01 48 b3 11 00 00 80 11 86 94 00 00 00 00 ff ff  
0020  ff ff 00 44 00 43 01 34 ae 85 01 01 06 00 3e 5e  
0030  0c e3 00 00 00 00 00 00 00 00 00 00 00 00 00 00  
0040  00 00 00 00 00 00 00 08 74 4f 36 23 00 00 00 00  
0050  00 00 00 00 00 00 00 00 00 00 00 00 00 00 00 00  
0060  00 00 00 00 00 00 00 00 00 00 00 00 00 00 00 00  
0070  00 00 00 00 00 00 00 00 00 00 00 00 00 00 00 00  
0080  00 00 00 00 00 00 00 00 00 00 00 00 00 00 00 00  
0090  00 00 00 00 00 00 00 00 00 00 00 00 00 00 00 00  
00a0  00 00 00 00 00 00 00 00 00 00 00 00 00 00 00 00  
00b0  00 00 00 00 00 00 00 00 00 00 00 00 00 00 00 00  
00c0  00 00 00 00 00 00 00 00 00 00 00 00 00 00 00 00  
00d0  00 00 00 00 00 00 00 00 00 00 00 00 00 00 00 00  
00e0  00 00 00 00 00 00 00 00 00 00 00 00 00 00 00 00  
00f0  00 00 00 00 00 00 00 00 00 00 00 00 00 00 00 00  
0100  00 00 00 00 00 00 00 00 00 00 00 00 00 00 00 00  
0110  00 00 00 00 00 00 63 82 53 63 35 01 03 3d 07 01  
0120  00 08 74 4f 36 23 32 04 c0 a8 01 65 36 04 c0 a8  
0130  01 01 0c 04 4e 6f 68 6f 3c 08 4d 53 46 54 20 35  
0140  2e 30 37 0b 01 0f 03 06 2c 2e 2f 1f 21 f9 2b ff  
0150  00 00 00 00 00 00                                
0000  ff ff ff ff ff ff 00 06 25 da af 73 08 00 45 00  
0010  02 40 01 09 00 00 96 11 5f fb c0 a8 01 01 ff ff  
0020  ff ff 00 43 00 44 02 2c 6f 23 02 01 06 00 3e 5e  
0030  0c e3 00 00 00 00 00 00 00 00 c0 a8 01 65 00 00  
0040  00 00 00 00 00 00 00 08 74 4f 36 23 00 00 00 00  
0050  00 00 00 00 00 00 00 00 00 00 00 00 00 00 00 00  
0060  00 00 00 00 00 00 00 00 00 00 00 00 00 00 00 00  
0070  00 00 00 00 00 00 00 00 00 00 00 00 00 00 00 00  
0080  00 00 00 00 00 00 00 00 00 00 00 00 00 00 00 00  
0090  00 00 00 00 00 00 00 00 00 00 00 00 00 00 00 00  
00a0  00 00 00 00 00 00 00 00 00 00 00 00 00 00 00 00  
00b0  00 00 00 00 00 00 00 00 00 00 00 00 00 00 00 00  
00c0  00 00 00 00 00 00 00 00 00 00 00 00 00 00 00 00  
00d0  00 00 00 00 00 00 00 00 00 00 00 00 00 00 00 00  
00e0  00 00 00 00 00 00 00 00 00 00 00 00 00 00 00 00  
00f0  00 00 00 00 00 00 00 00 00 00 00 00 00 00 00 00  
0100  00 00 00 00 00 00 00 00 00 00 00 00 00 00 00 00  
0110  00 00 00 00 00 00 63 82 53 63 35 01 05 01 04 ff  
0120  ff ff 00 03 04 c0 a8 01 01 06 08 3f f0 4c 13 cc  
0130  7f c6 13 0f 16 6e 65 32 2e 63 6c 69 65 6e 74 32  
0140  2e 61 74 74 62 69 2e 63 6f 6d 00 33 04 00 01 51  
0150  80 36 04 c0 a8 01 01 ff 00 00 00 00 00 00 00 00  
0160  00 00 00 00 00 00 00 00 00 00 00 00 00 00 00 00  
0170  00 00 00 00 00 00 00 00 00 00 00 00 00 00 00 00  
0180  00 00 00 00 00 00 00 00 00 00 00 00 00 00 00 00  
0190  00 00 00 00 00 00 00 00 00 00 00 00 00 00 00 00  
01a0  00 00 00 00 00 00 00 00 00 00 00 00 00 00 00 00  
01b0  00 00 00 00 00 00 00 00 00 00 00 00 00 00 00 00  
01c0  00 00 00 00 00 00 00 00 00 00 00 00 00 00 00 00  
01d0  00 00 00 00 00 00 00 00 00 00 00 00 00 00 00 00  
01e0  00 00 00 00 00 00 00 00 00 00 00 00 00 00 00 00  
01f0  00 00 00 00 00 00 00 00 00 00 00 00 00 00 00 00  
0200  00 00 00 00 00 00 00 00 00 00 00 00 00 00 00 00  
0210  00 00 00 00 00 00 00 00 00 00 00 00 00 00 00 00  
0220  00 00 00 00 00 00 00 00 00 00 00 00 00 00 00 00  
0230  00 00 00 00 00 00 00 00 00 00 00 00 00 00 00 00  
0240  00 00 00 00 00 00 00 00 00 00 00 00 00 00        
0000  ff ff ff ff ff ff 00 08 74 4f 36 23 08 06 00 01  
0010  08 00 06 04 00 01 00 08 74 4f 36 23 c0 a8 01 65  
0020  00 00 00 00 00 00 c0 a8 01 65                    
0000  ff ff ff ff ff ff 00 08 74 4f 36 23 08 06 00 01  
0010  08 00 06 04 00 01 00 08 74 4f 36 23 c0 a8 01 65  
0020  00 00 00 00 00 00 c0 a8 01 65                    
0000  ff ff ff ff ff ff 00 08 74 4f 36 23 08 06 00 01  
0010  08 00 06 04 00 01 00 08 74 4f 36 23 c0 a8 01 65  
0020  00 00 00 00 00 00 c0 a8 01 65                    
0000  01 00 5e 00 00 16 00 08 74 4f 36 23 08 00 46 00  
0010  00 28 b3 14 00 00 01 02 cf 97 c0 a8 01 65 e0 00  
0020  00 16 94 04 00 00 22 00 ea 03 00 00 00 01 04 00  
0030  00 00 ef ff ff fa                                
0000  ff ff ff ff ff ff 00 06 25 da af 73 08 06 00 01  
0010  08 00 06 04 00 01 00 06 25 da af 73 c0 a8 01 01  
0020  00 00 00 00 00 00 c0 a8 01 65 00 00 00 00 00 00  
0030  00 00 00 00 00 00 00 00 00 00 00 00              
0000  00 06 25 da af 73 00 08 74 4f 36 23 08 06 00 01  
0010  08 00 06 04 00 02 00 08 74 4f 36 23 c0 a8 01 65  
0020  00 06 25 da af 73 c0 a8 01 01                    
0000  00 08 74 4f 36 23 00 06 25 da af 73 08 00 45 00  
0010  00 3c b3 14 00 00 96 01 ed f5 c0 a8 01 01 c0 a8  
0020  01 65 03 02 aa d1 00 00 00 00 46 00 00 28 b3 14  
0030  00 00 01 02 cf 97 c0 a8 01 65 e0 00 00 16 94 04  
0040  00 00 22 00 ea 03 46 00 00 28                    
0000  ff ff ff ff ff ff 00 08 74 4f 36 23 08 00 45 00  
0010  00 60 b3 16 00 00 80 11 02 c2 c0 a8 01 65 c0 a8  
0020  01 ff 00 89 00 89 00 4c e0 22 91 d8 29 10 00 01  
0030  00 00 00 00 00 01 20 45 4f 45 50 45 49 45 50 43  
0040  41 43 41 43 41 43 41 43 41 43 41 43 41 43 41 43  
0050  41 43 41 43 41 41 41 00 00 20 00 01 c0 0c 00 20  
0060  00 01 00 04 93 e0 00 06 60 00 c0 a8 01 65        
0000  01 00 5e 00 00 16 00 08 74 4f 36 23 08 00 46 00  
0010  00 28 b3 17 00 00 01 02 cf 94 c0 a8 01 65 e0 00  
0020  00 16 94 04 00 00 22 00 ea 03 00 00 00 01 04 00  
0030  00 00 ef ff ff fa                                
0000  00 08 74 4f 36 23 00 06 25 da af 73 08 00 45 00  
0010  00 3c b3 17 00 00 96 01 ed f2 c0 a8 01 01 c0 a8  
0020  01 65 03 02 aa d1 00 00 00 00 46 00 00 28 b3 17  
0030  00 00 01 02 cf 94 c0 a8 01 65 e0 00 00 16 94 04  
0040  00 00 22 00 ea 03 46 00 00 28                    
0000  ff ff ff ff ff ff 00 08 74 4f 36 23 08 00 45 00  
0010  00 60 b3 18 00 00 80 11 02 c0 c0 a8 01 65 c0 a8  
0020  01 ff 00 89 00 89 00 4c e0 22 91 d8 29 10 00 01  
0030  00 00 00 00 00 01 20 45 4f 45 50 45 49 45 50 43  
0040  41 43 41 43 41 43 41 43 41 43 41 43 41 43 41 43  
0050  41 43 41 43 41 41 41 00 00 20 00 01 c0 0c 00 20  
0060  00 01 00 04 93 e0 00 06 60 00 c0 a8 01 65        
0000  ff ff ff ff ff ff 00 08 74 4f 36 23 08 00 45 00  
0010  00 60 b3 19 00 00 80 11 02 bf c0 a8 01 65 c0 a8  
0020  01 ff 00 89 00 89 00 4c e0 22 91 d8 29 10 00 01  
0030  00 00 00 00 00 01 20 45 4f 45 50 45 49 45 50 43  
0040  41 43 41 43 41 43 41 43 41 43 41 43 41 43 41 43  
0050  41 43 41 43 41 41 41 00 00 20 00 01 c0 0c 00 20  
0060  00 01 00 04 93 e0 00 06 60 00 c0 a8 01 65        
0000  ff ff ff ff ff ff 00 08 74 4f 36 23 08 00 45 00  
0010  00 60 b3 1a 00 00 80 11 02 be c0 a8 01 65 c0 a8  
0020  01 ff 00 89 00 89 00 4c e1 22 91 d8 28 10 00 01  
0030  00 00 00 00 00 01 20 45 4f 45 50 45 49 45 50 43  
0040  41 43 41 43 41 43 41 43 41 43 41 43 41 43 41 43  
0050  41 43 41 43 41 41 41 00 00 20 00 01 c0 0c 00 20  
0060  00 01 00 04 93 e0 00 06 60 00 c0 a8 01 65        
0000  ff ff ff ff ff ff 00 08 74 4f 36 23 08 00 45 00  
0010  00 60 b3 1c 00 00 80 11 02 bc c0 a8 01 65 c0 a8  
0020  01 ff 00 89 00 89 00 4c 54 12 91 d9 29 10 00 01  
0030  00 00 00 00 00 01 20 46 48 45 50 46 43 45 4c 45  
0040  48 46 43 45 50 46 46 46 41 43 41 43 41 43 41 43  
0050  41 43 41 43 41 41 41 00 00 20 00 01 c0 0c 00 20  
0060  00 01 00 04 93 e0 00 06 e0 00 c0 a8 01 65        
0000  ff ff ff ff ff ff 00 08 74 4f 36 23 08 00 45 00  
0010  00 60 b3 1d 00 00 80 11 02 bb c0 a8 01 65 c0 a8  
0020  01 ff 00 89 00 89 00 4c 54 12 91 d9 29 10 00 01  
0030  00 00 00 00 00 01 20 46 48 45 50 46 43 45 4c 45  
0040  48 46 43 45 50 46 46 46 41 43 41 43 41 43 41 43  
0050  41 43 41 43 41 41 41 00 00 20 00 01 c0 0c 00 20  
0060  00 01 00 04 93 e0 00 06 e0 00 c0 a8 01 65        
0000  ff ff ff ff ff ff 00 08 74 4f 36 23 08 00 45 00  
0010  00 60 b3 1e 00 00 80 11 02 ba c0 a8 01 65 c0 a8  
0020  01 ff 00 89 00 89 00 4c 54 12 91 d9 29 10 00 01  
0030  00 00 00 00 00 01 20 46 48 45 50 46 43 45 4c 45  
0040  48 46 43 45 50 46 46 46 41 43 41 43 41 43 41 43  
0050  41 43 41 43 41 41 41 00 00 20 00 01 c0 0c 00 20  
0060  00 01 00 04 93 e0 00 06 e0 00 c0 a8 01 65        
0000  ff ff ff ff ff ff 00 08 74 4f 36 23 08 06 00 01  
0010  08 00 06 04 00 01 00 08 74 4f 36 23 c0 a8 01 65  
0020  00 00 00 00 00 00 c0 a8 01 75                    
0000  00 08 74 4f 36 23 00 10 83 0d c8 06 08 06 00 01  
0010  08 00 06 04 00 02 00 10 83 0d c8 06 c0 a8 01 75  
0020  00 08 74 4f 36 23 c0 a8 01 65 00 00 00 00 00 00  
0030  00 00 00 00 00 00 00 00 00 00 00 00              
0000  00 10 83 0d c8 06 00 08 74 4f 36 23 08 00 45 00  
0010  00 6a b3 1f 00 00 80 11 03 39 c0 a8 01 65 c0 a8  
0020  01 75 04 01 00 a1 00 56 5f f9 30 4c 02 01 00 04  
0030  06 70 75 62 6c 69 63 a0 3f 02 02 02 2a 02 01 00  
0040  02 01 00 30 33 30 0f 06 0b 2b 06 01 02 01 19 03  
0050  02 01 05 01 05 00 30 0f 06 0b 2b 06 01 02 01 19  
0060  03 05 01 01 01 05 00 30 0f 06 0b 2b 06 01 02 01  
0070  19 03 05 01 02 01 05 00                          
0000  00 08 74 4f 36 23 00 10 83 0d c8 06 08 00 45 00  
0010  00 6d 46 5c 00 00 3c 11 b3 f9 c0 a8 01 75 c0 a8  
0020  01 65 00 a1 04 01 00 59 7a c9 30 4f 02 01 00 04  
0030  06 70 75 62 6c 69 63 a2 42 02 02 02 2a 02 01 00  
0040  02 01 00 30 36 30 10 06 0b 2b 06 01 02 01 19 03  
0050  02 01 05 01 02 01 02 30 10 06 0b 2b 06 01 02 01  
0060  19 03 05 01 01 01 02 01 03 30 10 06 0b 2b 06 01  
0070  02 01 19 03 05 01 02 01 04 01 00                 
0000  ff ff ff ff ff ff 00 08 74 4f 36 23 08 00 45 00  
0010  00 60 b3 20 00 00 80 11 02 b8 c0 a8 01 65 c0 a8  
0020  01 ff 00 89 00 89 00 4c 55 12 91 d9 28 10 00 01  
0030  00 00 00 00 00 01 20 46 48 45 50 46 43 45 4c 45  
0040  48 46 43 45 50 46 46 46 41 43 41 43 41 43 41 43  
0050  41 43 41 43 41 41 41 00 00 20 00 01 c0 0c 00 20  
0060  00 01 00 04 93 e0 00 06 e0 00 c0 a8 01 65        
0000  ff ff ff ff ff ff 00 08 74 4f 36 23 08 00 45 00  
0010  00 60 b3 22 00 00 80 11 02 b6 c0 a8 01 65 c0 a8  
0020  01 ff 00 89 00 89 00 4c e0 1e 91 da 29 10 00 01  
0030  00 00 00 00 00 01 20 45 4f 45 50 45 49 45 50 43  
0040  41 43 41 43 41 43 41 43 41 43 41 43 41 43 41 43  
0050  41 43 41 43 41 43 41 00 00 20 00 01 c0 0c 00 20  
0060  00 01 00 04 93 e0 00 06 60 00 c0 a8 01 65        
0000  ff ff ff ff ff ff 00 08 74 4f 36 23 08 00 45 00  
0010  00 60 b3 23 00 00 80 11 02 b5 c0 a8 01 65 c0 a8  
0020  01 ff 00 89 00 89 00 4c 46 0f 91 db 29 10 00 01  
0030  00 00 00 00 00 01 20 46 48 45 50 46 43 45 4c 45  
0040  48 46 43 45 50 46 46 46 41 43 41 43 41 43 41 43  
0050  41 43 41 43 41 42 4f 00 00 20 00 01 c0 0c 00 20  
0060  00 01 00 04 93 e0 00 06 e0 00 c0 a8 01 65        
0000  ff ff ff ff ff ff 00 08 74 4f 36 23 08 00 45 00  
0010  00 60 b3 24 00 00 80 11 02 b4 c0 a8 01 65 c0 a8  
0020  01 ff 00 89 00 89 00 4c e0 1e 91 da 29 10 00 01  
0030  00 00 00 00 00 01 20 45 4f 45 50 45 49 45 50 43  
0040  41 43 41 43 41 43 41 43 41 43 41 43 41 43 41 43  
0050  41 43 41 43 41 43 41 00 00 20 00 01 c0 0c 00 20  
0060  00 01 00 04 93 e0 00 06 60 00 c0 a8 01 65        
0000  ff ff ff ff ff ff 00 08 74 4f 36 23 08 00 45 00  
0010  00 60 b3 25 00 00 80 11 02 b3 c0 a8 01 65 c0 a8  
0020  01 ff 00 89 00 89 00 4c 46 0f 91 db 29 10 00 01  
0030  00 00 00 00 00 01 20 46 48 45 50 46 43 45 4c 45  
0040  48 46 43 45 50 46 46 46 41 43 41 43 41 43 41 43  
0050  41 43 41 43 41 42 4f 00 00 20 00 01 c0 0c 00 20  
0060  00 01 00 04 93 e0 00 06 e0 00 c0 a8 01 65        
0000  ff ff ff ff ff ff 00 08 74 4f 36 23 08 00 45 00  
0010  00 60 b3 26 00 00 80 11 02 b2 c0 a8 01 65 c0 a8  
0020  01 ff 00 89 00 89 00 4c e0 1e 91 da 29 10 00 01  
0030  00 00 00 00 00 01 20 45 4f 45 50 45 49 45 50 43  
0040  41 43 41 43 41 43 41 43 41 43 41 43 41 43 41 43  
0050  41 43 41 43 41 43 41 00 00 20 00 01 c0 0c 00 20  
0060  00 01 00 04 93 e0 00 06 60 00 c0 a8 01 65        
0000  ff ff ff ff ff ff 00 08 74 4f 36 23 08 00 45 00  
0010  00 60 b3 27 00 00 80 11 02 b1 c0 a8 01 65 c0 a8  
0020  01 ff 00 89 00 89 00 4c 46 0f 91 db 29 10 00 01  
0030  00 00 00 00 00 01 20 46 48 45 50 46 43 45 4c 45  
0040  48 46 43 45 50 46 46 46 41 43 41 43 41 43 41 43  
0050  41 43 41 43 41 42 4f 00 00 20 00 01 c0 0c 00 20  
0060  00 01 00 04 93 e0 00 06 e0 00 c0 a8 01 65        
0000  ff ff ff ff ff ff 00 08 74 4f 36 23 08 00 45 00  
0010  00 60 b3 28 00 00 80 11 02 b0 c0 a8 01 65 c0 a8  
0020  01 ff 00 89 00 89 00 4c e1 1e 91 da 28 10 00 01  
0030  00 00 00 00 00 01 20 45 4f 45 50 45 49 45 50 43  
0040  41 43 41 43 41 43 41 43 41 43 41 43 41 43 41 43  
0050  41 43 41 43 41 43 41 00 00 20 00 01 c0 0c 00 20  
0060  00 01 00 04 93 e0 00 06 60 00 c0 a8 01 65        
0000  ff ff ff ff ff ff 00 08 74 4f 36 23 08 00 45 00  
0010  00 60 b3 29 00 00 80 11 02 af c0 a8 01 65 c0 a8  
0020  01 ff 00 89 00 89 00 4c 47 0f 91 db 28 10 00 01  
0030  00 00 00 00 00 01 20 46 48 45 50 46 43 45 4c 45  
0040  48 46 43 45 50 46 46 46 41 43 41 43 41 43 41 43  
0050  41 43 41 43 41 42 4f 00 00 20 00 01 c0 0c 00 20  
0060  00 01 00 04 93 e0 00 06 e0 00 c0 a8 01 65        
0000  00 06 25 da af 73 00 08 74 4f 36 23 08 00 45 00  
0010  01 48 b3 2a 00 00 80 11 02 c4 c0 a8 01 65 c0 a8  
0020  01 01 00 44 00 43 01 34 24 a0 01 01 06 00 25 7e  
0030  55 a3 00 00 00 00 c0 a8 01 65 00 00 00 00 00 00  
0040  00 00 00 00 00 00 00 08 74 4f 36 23 00 00 00 00  
0050  00 00 00 00 00 00 00 00 00 00 00 00 00 00 00 00  
0060  00 00 00 00 00 00 00 00 00 00 00 00 00 00 00 00  
0070  00 00 00 00 00 00 00 00 00 00 00 00 00 00 00 00  
0080  00 00 00 00 00 00 00 00 00 00 00 00 00 00 00 00  
0090  00 00 00 00 00 00 00 00 00 00 00 00 00 00 00 00  
00a0  00 00 00 00 00 00 00 00 00 00 00 00 00 00 00 00  
00b0  00 00 00 00 00 00 00 00 00 00 00 00 00 00 00 00  
00c0  00 00 00 00 00 00 00 00 00 00 00 00 00 00 00 00  
00d0  00 00 00 00 00 00 00 00 00 00 00 00 00 00 00 00  
00e0  00 00 00 00 00 00 00 00 00 00 00 00 00 00 00 00  
00f0  00 00 00 00 00 00 00 00 00 00 00 00 00 00 00 00  
0100  00 00 00 00 00 00 00 00 00 00 00 00 00 00 00 00  
0110  00 00 00 00 00 00 63 82 53 63 35 01 03 3d 07 01  
0120  00 08 74 4f 36 23 0c 04 4e 6f 68 6f 3c 08 4d 53  
0130  46 54 20 35 2e 30 37 0b 01 0f 03 06 2c 2e 2f 1f  
0140  21 f9 2b ff 00 00 00 00 00 00 00 00 00 00 00 00  
0150  00 00 00 00 00 00                                
0000  ff ff ff ff ff ff 00 06 25 da af 73 08 00 45 00  
0010  02 40 01 0a 00 00 96 11 5f fa c0 a8 01 01 ff ff  
0020  ff ff 00 43 00 44 02 2c 7d 35 02 01 06 00 25 7e  
0030  55 a3 00 00 00 00 c0 a8 01 65 c0 a8 01 65 00 00  
0040  00 00 00 00 00 00 00 08 74 4f 36 23 00 00 00 00  
0050  00 00 00 00 00 00 00 00 00 00 00 00 00 00 00 00  
0060  00 00 00 00 00 00 00 00 00 00 00 00 00 00 00 00  
0070  00 00 00 00 00 00 00 00 00 00 00 00 00 00 00 00  
0080  00 00 00 00 00 00 00 00 00 00 00 00 00 00 00 00  
0090  00 00 00 00 00 00 00 00 00 00 00 00 00 00 00 00  
00a0  00 00 00 00 00 00 00 00 00 00 00 00 00 00 00 00  
00b0  00 00 00 00 00 00 00 00 00 00 00 00 00 00 00 00  
00c0  00 00 00 00 00 00 00 00 00 00 00 00 00 00 00 00  
00d0  00 00 00 00 00 00 00 00 00 00 00 00 00 00 00 00  
00e0  00 00 00 00 00 00 00 00 00 00 00 00 00 00 00 00  
00f0  00 00 00 00 00 00 00 00 00 00 00 00 00 00 00 00  
0100  00 00 00 00 00 00 00 00 00 00 00 00 00 00 00 00  
0110  00 00 00 00 00 00 63 82 53 63 35 01 05 01 04 ff  
0120  ff ff 00 03 04 c0 a8 01 01 06 08 3f f0 4c 13 cc  
0130  7f c6 13 0f 16 6e 65 32 2e 63 6c 69 65 6e 74 32  
0140  2e 61 74 74 62 69 2e 63 6f 6d 00 33 04 00 01 51  
0150  80 36 04 c0 a8 01 01 ff 00 00 00 00 00 00 00 00  
0160  00 00 00 00 00 00 00 00 00 00 00 00 00 00 00 00  
0170  00 00 00 00 00 00 00 00 00 00 00 00 00 00 00 00  
0180  00 00 00 00 00 00 00 00 00 00 00 00 00 00 00 00  
0190  00 00 00 00 00 00 00 00 00 00 00 00 00 00 00 00  
01a0  00 00 00 00 00 00 00 00 00 00 00 00 00 00 00 00  
01b0  00 00 00 00 00 00 00 00 00 00 00 00 00 00 00 00  
01c0  00 00 00 00 00 00 00 00 00 00 00 00 00 00 00 00  
01d0  00 00 00 00 00 00 00 00 00 00 00 00 00 00 00 00  
01e0  00 00 00 00 00 00 00 00 00 00 00 00 00 00 00 00  
01f0  00 00 00 00 00 00 00 00 00 00 00 00 00 00 00 00  
0200  00 00 00 00 00 00 00 00 00 00 00 00 00 00 00 00  
0210  00 00 00 00 00 00 00 00 00 00 00 00 00 00 00 00  
0220  00 00 00 00 00 00 00 00 00 00 00 00 00 00 00 00  
0230  00 00 00 00 00 00 00 00 00 00 00 00 00 00 00 00  
0240  00 00 00 00 00 00 00 00 00 00 00 00 00 00        
0000  ff ff ff ff ff ff 00 08 74 4f 36 23 08 00 45 00  
0010  00 cb b3 2c 00 00 80 11 02 41 c0 a8 01 65 c0 a8  
0020  01 ff 00 8a 00 8a 00 b7 84 fe 11 0e 91 dd c0 a8  
0030  01 65 00 8a 00 a1 00 00 20 45 4f 45 50 45 49 45  
0040  50 43 41 43 41 43 41 43 41 43 41 43 41 43 41 43  
0050  41 43 41 43 41 43 41 41 41 00 20 46 48 45 50 46  
0060  43 45 4c 45 48 46 43 45 50 46 46 46 41 43 41 43  
0070  41 43 41 43 41 43 41 43 41 42 4e 00 ff 53 4d 42  
0080  25 00 00 00 00 00 00 00 00 00 00 00 00 00 00 00  
0090  00 00 00 00 00 00 00 00 00 00 00 00 11 00 00 07  
00a0  00 00 00 00 00 00 00 00 00 e8 03 00 00 00 00 00  
00b0  00 00 00 07 00 56 00 03 00 01 00 01 00 02 00 18  
00c0  00 5c 4d 41 49 4c 53 4c 4f 54 5c 42 52 4f 57 53  
00d0  45 00 02 00 4e 4f 48 4f 00                       
0000  ff ff ff ff ff ff 00 08 74 4f 36 23 08 00 45 00  
0010  00 fd b3 2d 00 00 80 11 02 0e c0 a8 01 65 c0 a8  
0020  01 ff 00 8a 00 8a 00 e9 74 f3 11 0e 91 de c0 a8  
0030  01 65 00 8a 00 d3 00 00 20 45 4f 45 50 45 49 45  
0040  50 43 41 43 41 43 41 43 41 43 41 43 41 43 41 43  
0050  41 43 41 43 41 43 41 43 41 00 20 46 48 45 50 46  
0060  43 45 4c 45 48 46 43 45 50 46 46 46 41 43 41 43  
0070  41 43 41 43 41 43 41 43 41 42 4e 00 ff 53 4d 42  
0080  25 00 00 00 00 00 00 00 00 00 00 00 00 00 00 00  
0090  00 00 00 00 00 00 00 00 00 00 00 00 11 00 00 39  
00a0  00 00 00 00 00 00 00 00 00 e8 03 00 00 00 00 00  
00b0  00 00 00 39 00 56 00 03 00 01 00 00 00 02 00 4a  
00c0  00 5c 4d 41 49 4c 53 4c 4f 54 5c 42 52 4f 57 53  
00d0  45 00 01 00 80 fc 0a 00 4e 4f 48 4f 00 00 58 3e  
00e0  e8 89 0d 8a de 4c 99 0a 05 01 03 12 01 00 0f 01  
00f0  55 aa 4a 69 6d 20 4b 75 72 6f 73 65 27 73 20 48  
0100  6f 6d 65 20 73 79 73 74 65 6d 00                 
0000  ff ff ff ff ff ff 00 04 23 52 2b 23 08 00 45 00  
0010  00 fa 21 26 00 00 80 11 94 17 c0 a8 01 66 c0 a8  
0020  01 ff 00 8a 00 8a 00 e6 69 3a 11 02 80 58 c0 a8  
0030  01 66 00 8a 00 d0 00 00 20 45 44 45 4c 46 46 46  
0040  43 45 50 46 44 45 46 43 41 43 41 43 41 43 41 43  
0050  41 43 41 43 41 43 41 43 41 00 20 46 48 45 50 46  
0060  43 45 4c 45 48 46 43 45 50 46 46 46 41 43 41 43  
0070  41 43 41 43 41 43 41 43 41 42 4f 00 ff 53 4d 42  
0080  25 00 00 00 00 00 00 00 00 00 00 00 00 00 00 00  
0090  00 00 00 00 00 00 00 00 00 00 00 00 11 00 00 36  
00a0  00 00 00 00 00 00 00 00 00 e8 03 00 00 00 00 00  
00b0  00 00 00 36 00 56 00 03 00 01 00 00 00 02 00 47  
00c0  00 5c 4d 41 49 4c 53 4c 4f 54 5c 42 52 4f 57 53  
00d0  45 00 0f 00 80 fc 0a 00 43 4b 55 52 4f 53 45 00  
00e0  00 46 ab 01 00 00 00 00 05 01 03 10 05 00 0f 01  
00f0  55 aa 43 68 72 69 73 20 4b 75 72 6f 73 65 27 73  
0100  20 4c 61 70 74 6f 70 00                          
0000  00 06 25 da af 73 00 08 74 4f 36 23 08 00 45 00  
0010  01 48 b3 2e 00 00 80 11 02 c0 c0 a8 01 65 c0 a8  
0020  01 01 00 44 00 43 01 34 55 4f 01 01 06 00 b7 a3  
0030  27 33 00 00 80 00 c0 a8 01 65 00 00 00 00 00 00  
0040  00 00 00 00 00 00 00 08 74 4f 36 23 00 00 00 00  
0050  00 00 00 00 00 00 00 00 00 00 00 00 00 00 00 00  
0060  00 00 00 00 00 00 00 00 00 00 00 00 00 00 00 00  
0070  00 00 00 00 00 00 00 00 00 00 00 00 00 00 00 00  
0080  00 00 00 00 00 00 00 00 00 00 00 00 00 00 00 00  
0090  00 00 00 00 00 00 00 00 00 00 00 00 00 00 00 00  
00a0  00 00 00 00 00 00 00 00 00 00 00 00 00 00 00 00  
00b0  00 00 00 00 00 00 00 00 00 00 00 00 00 00 00 00  
00c0  00 00 00 00 00 00 00 00 00 00 00 00 00 00 00 00  
00d0  00 00 00 00 00 00 00 00 00 00 00 00 00 00 00 00  
00e0  00 00 00 00 00 00 00 00 00 00 00 00 00 00 00 00  
00f0  00 00 00 00 00 00 00 00 00 00 00 00 00 00 00 00  
0100  00 00 00 00 00 00 00 00 00 00 00 00 00 00 00 00  
0110  00 00 00 00 00 00 63 82 53 63 35 01 07 36 04 c0  
0120  a8 01 01 3d 07 01 00 08 74 4f 36 23 ff 00 00 00  
0130  00 00 00 00 00 00 00 00 00 00 00 00 00 00 00 00  
0140  00 00 00 00 00 00 00 00 00 00 00 00 00 00 00 00  
0150  00 00 00 00 00 00                                
0000  ff ff ff ff ff ff 00 08 74 4f 36 23 08 00 45 00  
0010  01 48 b3 2f 00 00 80 11 86 76 00 00 00 00 ff ff  
0020  ff ff 00 44 00 43 01 34 02 86 01 01 06 00 3a 5d  
0030  f7 d9 00 00 00 00 00 00 00 00 00 00 00 00 00 00  
0040  00 00 00 00 00 00 00 08 74 4f 36 23 00 00 00 00  
0050  00 00 00 00 00 00 00 00 00 00 00 00 00 00 00 00  
0060  00 00 00 00 00 00 00 00 00 00 00 00 00 00 00 00  
0070  00 00 00 00 00 00 00 00 00 00 00 00 00 00 00 00  
0080  00 00 00 00 00 00 00 00 00 00 00 00 00 00 00 00  
0090  00 00 00 00 00 00 00 00 00 00 00 00 00 00 00 00  
00a0  00 00 00 00 00 00 00 00 00 00 00 00 00 00 00 00  
00b0  00 00 00 00 00 00 00 00 00 00 00 00 00 00 00 00  
00c0  00 00 00 00 00 00 00 00 00 00 00 00 00 00 00 00  
00d0  00 00 00 00 00 00 00 00 00 00 00 00 00 00 00 00  
00e0  00 00 00 00 00 00 00 00 00 00 00 00 00 00 00 00  
00f0  00 00 00 00 00 00 00 00 00 00 00 00 00 00 00 00  
0100  00 00 00 00 00 00 00 00 00 00 00 00 00 00 00 00  
0110  00 00 00 00 00 00 63 82 53 63 35 01 01 74 01 01  
0120  3d 07 01 00 08 74 4f 36 23 32 04 c0 a8 01 65 0c  
0130  04 4e 6f 68 6f 3c 08 4d 53 46 54 20 35 2e 30 37  
0140  0b 01 0f 03 06 2c 2e 2f 1f 21 f9 2b ff 00 00 00  
0150  00 00 00 00 00 00                                
0000  ff ff ff ff ff ff 00 06 25 da af 73 08 06 00 01  
0010  08 00 06 04 00 01 00 06 25 da af 73 c0 a8 01 01  
0020  00 00 00 00 00 00 c0 a8 01 65 00 00 00 00 00 00  
0030  00 00 00 00 00 00 00 00 00 00 00 00              
0000  ff ff ff ff ff ff 00 06 25 da af 73 08 00 45 00  
0010  02 40 01 0b 00 00 96 11 5f f9 c0 a8 01 01 ff ff  
0020  ff ff 00 43 00 44 02 2c 8b 2d 02 01 06 00 3a 5d  
0030  f7 d9 00 00 00 00 00 00 00 00 c0 a8 01 65 00 00  
0040  00 00 00 00 00 00 00 08 74 4f 36 23 00 00 00 00  
0050  00 00 00 00 00 00 00 00 00 00 00 00 00 00 00 00  
0060  00 00 00 00 00 00 00 00 00 00 00 00 00 00 00 00  
0070  00 00 00 00 00 00 00 00 00 00 00 00 00 00 00 00  
0080  00 00 00 00 00 00 00 00 00 00 00 00 00 00 00 00  
0090  00 00 00 00 00 00 00 00 00 00 00 00 00 00 00 00  
00a0  00 00 00 00 00 00 00 00 00 00 00 00 00 00 00 00  
00b0  00 00 00 00 00 00 00 00 00 00 00 00 00 00 00 00  
00c0  00 00 00 00 00 00 00 00 00 00 00 00 00 00 00 00  
00d0  00 00 00 00 00 00 00 00 00 00 00 00 00 00 00 00  
00e0  00 00 00 00 00 00 00 00 00 00 00 00 00 00 00 00  
00f0  00 00 00 00 00 00 00 00 00 00 00 00 00 00 00 00  
0100  00 00 00 00 00 00 00 00 00 00 00 00 00 00 00 00  
0110  00 00 00 00 00 00 63 82 53 63 35 01 02 01 04 ff  
0120  ff ff 00 03 04 c0 a8 01 01 06 08 3f f0 4c 13 cc  
0130  7f c6 13 0f 16 6e 65 32 2e 63 6c 69 65 6e 74 32  
0140  2e 61 74 74 62 69 2e 63 6f 6d 00 33 04 00 01 51  
0150  80 36 04 c0 a8 01 01 ff 00 00 00 00 00 00 00 00  
0160  00 00 00 00 00 00 00 00 00 00 00 00 00 00 00 00  
0170  00 00 00 00 00 00 00 00 00 00 00 00 00 00 00 00  
0180  00 00 00 00 00 00 00 00 00 00 00 00 00 00 00 00  
0190  00 00 00 00 00 00 00 00 00 00 00 00 00 00 00 00  
01a0  00 00 00 00 00 00 00 00 00 00 00 00 00 00 00 00  
01b0  00 00 00 00 00 00 00 00 00 00 00 00 00 00 00 00  
01c0  00 00 00 00 00 00 00 00 00 00 00 00 00 00 00 00  
01d0  00 00 00 00 00 00 00 00 00 00 00 00 00 00 00 00  
01e0  00 00 00 00 00 00 00 00 00 00 00 00 00 00 00 00  
01f0  00 00 00 00 00 00 00 00 00 00 00 00 00 00 00 00  
0200  00 00 00 00 00 00 00 00 00 00 00 00 00 00 00 00  
0210  00 00 00 00 00 00 00 00 00 00 00 00 00 00 00 00  
0220  00 00 00 00 00 00 00 00 00 00 00 00 00 00 00 00  
0230  00 00 00 00 00 00 00 00 00 00 00 00 00 00 00 00  
0240  00 00 00 00 00 00 00 00 00 00 00 00 00 00        
0000  ff ff ff ff ff ff 00 08 74 4f 36 23 08 00 45 00  
0010  01 48 b3 30 00 00 80 11 86 75 00 00 00 00 ff ff  
0020  ff ff 00 44 00 43 01 34 c7 8f 01 01 06 00 3a 5d  
0030  f7 d9 00 00 00 00 00 00 00 00 00 00 00 00 00 00  
0040  00 00 00 00 00 00 00 08 74 4f 36 23 00 00 00 00  
0050  00 00 00 00 00 00 00 00 00 00 00 00 00 00 00 00  
0060  00 00 00 00 00 00 00 00 00 00 00 00 00 00 00 00  
0070  00 00 00 00 00 00 00 00 00 00 00 00 00 00 00 00  
0080  00 00 00 00 00 00 00 00 00 00 00 00 00 00 00 00  
0090  00 00 00 00 00 00 00 00 00 00 00 00 00 00 00 00  
00a0  00 00 00 00 00 00 00 00 00 00 00 00 00 00 00 00  
00b0  00 00 00 00 00 00 00 00 00 00 00 00 00 00 00 00  
00c0  00 00 00 00 00 00 00 00 00 00 00 00 00 00 00 00  
00d0  00 00 00 00 00 00 00 00 00 00 00 00 00 00 00 00  
00e0  00 00 00 00 00 00 00 00 00 00 00 00 00 00 00 00  
00f0  00 00 00 00 00 00 00 00 00 00 00 00 00 00 00 00  
0100  00 00 00 00 00 00 00 00 00 00 00 00 00 00 00 00  
0110  00 00 00 00 00 00 63 82 53 63 35 01 03 3d 07 01  
0120  00 08 74 4f 36 23 32 04 c0 a8 01 65 36 04 c0 a8  
0130  01 01 0c 04 4e 6f 68 6f 3c 08 4d 53 46 54 20 35  
0140  2e 30 37 0b 01 0f 03 06 2c 2e 2f 1f 21 f9 2b ff  
0150  00 00 00 00 00 00                                
0000  ff ff ff ff ff ff 00 06 25 da af 73 08 00 45 00  
0010  02 40 01 0c 00 00 96 11 5f f8 c0 a8 01 01 ff ff  
0020  ff ff 00 43 00 44 02 2c 88 2d 02 01 06 00 3a 5d  
0030  f7 d9 00 00 00 00 00 00 00 00 c0 a8 01 65 00 00  
0040  00 00 00 00 00 00 00 08 74 4f 36 23 00 00 00 00  
0050  00 00 00 00 00 00 00 00 00 00 00 00 00 00 00 00  
0060  00 00 00 00 00 00 00 00 00 00 00 00 00 00 00 00  
0070  00 00 00 00 00 00 00 00 00 00 00 00 00 00 00 00  
0080  00 00 00 00 00 00 00 00 00 00 00 00 00 00 00 00  
0090  00 00 00 00 00 00 00 00 00 00 00 00 00 00 00 00  
00a0  00 00 00 00 00 00 00 00 00 00 00 00 00 00 00 00  
00b0  00 00 00 00 00 00 00 00 00 00 00 00 00 00 00 00  
00c0  00 00 00 00 00 00 00 00 00 00 00 00 00 00 00 00  
00d0  00 00 00 00 00 00 00 00 00 00 00 00 00 00 00 00  
00e0  00 00 00 00 00 00 00 00 00 00 00 00 00 00 00 00  
00f0  00 00 00 00 00 00 00 00 00 00 00 00 00 00 00 00  
0100  00 00 00 00 00 00 00 00 00 00 00 00 00 00 00 00  
0110  00 00 00 00 00 00 63 82 53 63 35 01 05 01 04 ff  
0120  ff ff 00 03 04 c0 a8 01 01 06 08 3f f0 4c 13 cc  
0130  7f c6 13 0f 16 6e 65 32 2e 63 6c 69 65 6e 74 32  
0140  2e 61 74 74 62 69 2e 63 6f 6d 00 33 04 00 01 51  
0150  80 36 04 c0 a8 01 01 ff 00 00 00 00 00 00 00 00  
0160  00 00 00 00 00 00 00 00 00 00 00 00 00 00 00 00  
0170  00 00 00 00 00 00 00 00 00 00 00 00 00 00 00 00  
0180  00 00 00 00 00 00 00 00 00 00 00 00 00 00 00 00  
0190  00 00 00 00 00 00 00 00 00 00 00 00 00 00 00 00  
01a0  00 00 00 00 00 00 00 00 00 00 00 00 00 00 00 00  
01b0  00 00 00 00 00 00 00 00 00 00 00 00 00 00 00 00  
01c0  00 00 00 00 00 00 00 00 00 00 00 00 00 00 00 00  
01d0  00 00 00 00 00 00 00 00 00 00 00 00 00 00 00 00  
01e0  00 00 00 00 00 00 00 00 00 00 00 00 00 00 00 00  
01f0  00 00 00 00 00 00 00 00 00 00 00 00 00 00 00 00  
0200  00 00 00 00 00 00 00 00 00 00 00 00 00 00 00 00  
0210  00 00 00 00 00 00 00 00 00 00 00 00 00 00 00 00  
0220  00 00 00 00 00 00 00 00 00 00 00 00 00 00 00 00  
0230  00 00 00 00 00 00 00 00 00 00 00 00 00 00 00 00  
0240  00 00 00 00 00 00 00 00 00 00 00 00 00 00        
0000  ff ff ff ff ff ff 00 08 74 4f 36 23 08 06 00 01  
0010  08 00 06 04 00 01 00 08 74 4f 36 23 c0 a8 01 65  
0020  00 00 00 00 00 00 c0 a8 01 65                    
0000  ff ff ff ff ff ff 00 08 74 4f 36 23 08 06 00 01  
0010  08 00 06 04 00 01 00 08 74 4f 36 23 c0 a8 01 65  
0020  00 00 00 00 00 00 c0 a8 01 65                    
0000  ff ff ff ff ff ff 00 08 74 4f 36 23 08 06 00 01  
0010  08 00 06 04 00 01 00 08 74 4f 36 23 c0 a8 01 65  
0020  00 00 00 00 00 00 c0 a8 01 65                    
0000  01 00 5e 00 00 16 00 08 74 4f 36 23 08 00 46 00  
0010  00 28 b3 33 00 00 01 02 cf 78 c0 a8 01 65 e0 00  
0020  00 16 94 04 00 00 22 00 ea 03 00 00 00 01 04 00  
0030  00 00 ef ff ff fa                                
0000  ff ff ff ff ff ff 00 06 25 da af 73 08 06 00 01  
0010  08 00 06 04 00 01 00 06 25 da af 73 c0 a8 01 01  
0020  00 00 00 00 00 00 c0 a8 01 65 00 00 00 00 00 00  
0030  00 00 00 00 00 00 00 00 00 00 00 00              
0000  00 06 25 da af 73 00 08 74 4f 36 23 08 06 00 01  
0010  08 00 06 04 00 02 00 08 74 4f 36 23 c0 a8 01 65  
0020  00 06 25 da af 73 c0 a8 01 01                    
0000  00 08 74 4f 36 23 00 06 25 da af 73 08 00 45 00  
0010  00 3c b3 33 00 00 96 01 ed d6 c0 a8 01 01 c0 a8  
0020  01 65 03 02 aa d1 00 00 00 00 46 00 00 28 b3 33  
0030  00 00 01 02 cf 78 c0 a8 01 65 e0 00 00 16 94 04  
0040  00 00 22 00 ea 03 46 00 00 28                    
0000  ff ff ff ff ff ff 00 08 74 4f 36 23 08 00 45 00  
0010  00 60 b3 35 00 00 80 11 02 a3 c0 a8 01 65 c0 a8  
0020  01 ff 00 89 00 89 00 4c e0 16 91 e4 29 10 00 01  
0030  00 00 00 00 00 01 20 45 4f 45 50 45 49 45 50 43  
0040  41 43 41 43 41 43 41 43 41 43 41 43 41 43 41 43  
0050  41 43 41 43 41 41 41 00 00 20 00 01 c0 0c 00 20  
0060  00 01 00 04 93 e0 00 06 60 00 c0 a8 01 65        
0000  01 00 5e 00 00 16 00 08 74 4f 36 23 08 00 46 00  
0010  00 28 b3 36 00 00 01 02 cf 75 c0 a8 01 65 e0 00  
0020  00 16 94 04 00 00 22 00 ea 03 00 00 00 01 04 00  
0030  00 00 ef ff ff fa                                
0000  00 08 74 4f 36 23 00 06 25 da af 73 08 00 45 00  
0010  00 3c b3 36 00 00 96 01 ed d3 c0 a8 01 01 c0 a8  
0020  01 65 03 02 aa d1 00 00 00 00 46 00 00 28 b3 36  
0030  00 00 01 02 cf 75 c0 a8 01 65 e0 00 00 16 94 04  
0040  00 00 22 00 ea 03 46 00 00 28                    
0000  ff ff ff ff ff ff 00 08 74 4f 36 23 08 00 45 00  
0010  00 60 b3 37 00 00 80 11 02 a1 c0 a8 01 65 c0 a8  
0020  01 ff 00 89 00 89 00 4c e0 16 91 e4 29 10 00 01  
0030  00 00 00 00 00 01 20 45 4f 45 50 45 49 45 50 43  
0040  41 43 41 43 41 43 41 43 41 43 41 43 41 43 41 43  
0050  41 43 41 43 41 41 41 00 00 20 00 01 c0 0c 00 20  
0060  00 01 00 04 93 e0 00 06 60 00 c0 a8 01 65        
0000  ff ff ff ff ff ff 00 08 74 4f 36 23 08 00 45 00  
0010  00 60 b3 38 00 00 80 11 02 a0 c0 a8 01 65 c0 a8  
0020  01 ff 00 89 00 89 00 4c e0 16 91 e4 29 10 00 01  
0030  00 00 00 00 00 01 20 45 4f 45 50 45 49 45 50 43  
0040  41 43 41 43 41 43 41 43 41 43 41 43 41 43 41 43  
0050  41 43 41 43 41 41 41 00 00 20 00 01 c0 0c 00 20  
0060  00 01 00 04 93 e0 00 06 60 00 c0 a8 01 65        
0000  ff ff ff ff ff ff 00 08 74 4f 36 23 08 00 45 00  
0010  00 60 b3 39 00 00 80 11 02 9f c0 a8 01 65 c0 a8  
0020  01 ff 00 89 00 89 00 4c e1 16 91 e4 28 10 00 01  
0030  00 00 00 00 00 01 20 45 4f 45 50 45 49 45 50 43  
0040  41 43 41 43 41 43 41 43 41 43 41 43 41 43 41 43  
0050  41 43 41 43 41 41 41 00 00 20 00 01 c0 0c 00 20  
0060  00 01 00 04 93 e0 00 06 60 00 c0 a8 01 65        
0000  ff ff ff ff ff ff 00 08 74 4f 36 23 08 00 45 00  
0010  00 60 b3 3b 00 00 80 11 02 9d c0 a8 01 65 c0 a8  
0020  01 ff 00 89 00 89 00 4c 54 06 91 e5 29 10 00 01  
0030  00 00 00 00 00 01 20 46 48 45 50 46 43 45 4c 45  
0040  48 46 43 45 50 46 46 46 41 43 41 43 41 43 41 43  
0050  41 43 41 43 41 41 41 00 00 20 00 01 c0 0c 00 20  
0060  00 01 00 04 93 e0 00 06 e0 00 c0 a8 01 65        
0000  ff ff ff ff ff ff 00 08 74 4f 36 23 08 00 45 00  
0010  00 60 b3 3c 00 00 80 11 02 9c c0 a8 01 65 c0 a8  
0020  01 ff 00 89 00 89 00 4c 54 06 91 e5 29 10 00 01  
0030  00 00 00 00 00 01 20 46 48 45 50 46 43 45 4c 45  
0040  48 46 43 45 50 46 46 46 41 43 41 43 41 43 41 43  
0050  41 43 41 43 41 41 41 00 00 20 00 01 c0 0c 00 20  
0060  00 01 00 04 93 e0 00 06 e0 00 c0 a8 01 65        
0000  ff ff ff ff ff ff 00 08 74 4f 36 23 08 00 45 00  
0010  00 60 b3 3d 00 00 80 11 02 9b c0 a8 01 65 c0 a8  
0020  01 ff 00 89 00 89 00 4c 54 06 91 e5 29 10 00 01  
0030  00 00 00 00 00 01 20 46 48 45 50 46 43 45 4c 45  
0040  48 46 43 45 50 46 46 46 41 43 41 43 41 43 41 43  
0050  41 43 41 43 41 41 41 00 00 20 00 01 c0 0c 00 20  
0060  00 01 00 04 93 e0 00 06 e0 00 c0 a8 01 65        
0000  ff ff ff ff ff ff 00 08 74 4f 36 23 08 00 45 00  
0010  00 60 b3 3e 00 00 80 11 02 9a c0 a8 01 65 c0 a8  
0020  01 ff 00 89 00 89 00 4c 55 06 91 e5 28 10 00 01  
0030  00 00 00 00 00 01 20 46 48 45 50 46 43 45 4c 45  
0040  48 46 43 45 50 46 46 46 41 43 41 43 41 43 41 43  
0050  41 43 41 43 41 41 41 00 00 20 00 01 c0 0c 00 20  
0060  00 01 00 04 93 e0 00 06 e0 00 c0 a8 01 65        
